[info]
email = 813828322@qq.com
password = 1155435642

[cookies]
q_c1 =6fb1c9267d6249ce92c2b5691660e8d6|1472311470000|1468984488000
cap_id ="OWViMmFjZWI5MDBhNDU3Y2FlOGEyMDlkYTY0NmJjMzY=|1474262665|c70e5b6272a2df850eae5ef6abd4d5fe399a50ae"
_zap =a40729fb-e31e-4598-9877-555988d01c11
__utmt =1
__utma =51854390.1141590225.1472311474.1474771782.1474781024.7
__utmb =51854390.4.10.1474781024
__utmc =51854390
__utmz =51854390.1474544674.5.4.utmcsr=baidu|utmccn=(organic)|utmcmd=organic
__utmv =51854390.100-1|2=registration_date=20150123=1^3=entry_date=20150123=1
z_c0 =Mi4wQU9DQ2VoOVpoUWNBQUFDcng2WkJDaGNBQUFCaEFsVk5qUU1IV0FBeW5yVkJaMmM0WWlaV3BIVFJFWVdtZ25Cc1Bn|1474781473|794382612b2996cde346ec25b1baed0aca83b835
unlock_ticket =